[gd_scene load_steps=10 format=3 uid="uid://cnf1xtvt2s71b"]

[ext_resource type="Texture2D" uid="uid://cokw80ya214ji" path="res://assets/small_grass/HOJA_SUELO_01.png" id="1_ppo8n"]
[ext_resource type="Texture2D" uid="uid://d38cgb581nb4b" path="res://assets/small_grass/HOJA_SUELO_02.png" id="2_bbqv7"]
[ext_resource type="Texture2D" uid="uid://cdubhqwnvyrfl" path="res://assets/small_grass/HOJA_SUELO_03.png" id="3_mdjyx"]

[sub_resource type="StandardMaterial3D" id="StandardMaterial3D_n027w"]

[sub_resource type="ArrayMesh" id="ArrayMesh_py2s6"]
_surfaces = [{
"aabb": AABB(-1, 0, -1, 2, 1e-05, 2.00001),
"format": 4097,
"index_count": 6,
"index_data": PackedByteArray(0, 0, 3, 0, 2, 0, 0, 0, 1, 0, 3, 0),
"primitive": 3,
"vertex_count": 4,
"vertex_data": PackedByteArray(0, 0, 128, 191, 0, 0, 0, 0, 0, 0, 128, 63, 0, 0, 128, 63, 0, 0, 0, 0, 0, 0, 128, 63, 0, 0, 128, 191, 0, 0, 0, 0, 0, 0, 128, 191, 0, 0, 128, 63, 0, 0, 0, 0, 0, 0, 128, 191)
}]
blend_shape_mode = 0

[sub_resource type="ArrayMesh" id="ArrayMesh_27hib"]
resource_name = "up_quad_Plane"
_surfaces = [{
"aabb": AABB(-1, 0, -1, 2, 1e-05, 2.00001),
"attribute_data": PackedByteArray(0, 0, 0, 0, 0, 0, 128, 63, 0, 0, 128, 63, 0, 0, 128, 63, 0, 0, 0, 0, 0, 0, 0, 0, 0, 0, 128, 63, 0, 0, 0, 0),
"format": 4119,
"index_count": 6,
"index_data": PackedByteArray(0, 0, 3, 0, 2, 0, 0, 0, 1, 0, 3, 0),
"material": SubResource("StandardMaterial3D_n027w"),
"primitive": 3,
"vertex_count": 4,
"vertex_data": PackedByteArray(0, 0, 128, 191, 0, 0, 0, 0, 0, 0, 128, 63, 255, 255, 50, 243, 50, 243, 255, 191, 0, 0, 128, 63, 0, 0, 0, 0, 0, 0, 128, 63, 0, 0, 50, 243, 255, 255, 101, 198, 0, 0, 128, 191, 0, 0, 0, 0, 0, 0, 128, 191, 255, 255, 0, 240, 0, 240, 255, 191, 0, 0, 128, 63, 0, 0, 0, 0, 0, 0, 128, 191, 0, 0, 0, 240, 255, 255, 254, 199)
}]
blend_shape_mode = 0
shadow_mesh = SubResource("ArrayMesh_py2s6")

[sub_resource type="StandardMaterial3D" id="StandardMaterial3D_6ds3u"]
transparency = 4
cull_mode = 2
albedo_texture = ExtResource("1_ppo8n")
emission_enabled = true
emission_texture = ExtResource("1_ppo8n")
texture_repeat = false

[sub_resource type="StandardMaterial3D" id="StandardMaterial3D_s1ep2"]
transparency = 4
cull_mode = 2
albedo_texture = ExtResource("2_bbqv7")
emission_enabled = true
emission_texture = ExtResource("2_bbqv7")
texture_repeat = false

[sub_resource type="StandardMaterial3D" id="StandardMaterial3D_03med"]
transparency = 4
cull_mode = 2
albedo_texture = ExtResource("3_mdjyx")
emission_enabled = true
emission_texture = ExtResource("3_mdjyx")
texture_repeat = false

[node name="SmallGrass" type="Node3D"]
transform = Transform3D(-0.3, 0, -4.52987e-08, 0, 0.3, 0, 4.52987e-08, 0, -0.3, -1.44165, 0, 2.17683e-07)

[node name="Layer1" type="MeshInstance3D" parent="."]
transform = Transform3D(0.927314, -0.374283, 1.63604e-08, 1.26218e-28, -4.37114e-08, -1, 0.374283, 0.927314, -4.05342e-08, -1.03151, 0.998259, 0.754717)
mesh = SubResource("ArrayMesh_27hib")
surface_material_override/0 = SubResource("StandardMaterial3D_6ds3u")

[node name="Layer2" type="MeshInstance3D" parent="."]
transform = Transform3D(0.954412, -0.298491, 1.30475e-08, 1.34632e-27, -4.37114e-08, -1, 0.298491, 0.954412, -4.17187e-08, -1.80441, 0.987928, -0.34161)
mesh = SubResource("ArrayMesh_27hib")
skeleton = NodePath("")
surface_material_override/0 = SubResource("StandardMaterial3D_s1ep2")

[node name="Layer3" type="MeshInstance3D" parent="."]
transform = Transform3D(0.965785, 0.259342, -1.13362e-08, 0, -4.37114e-08, -1, -0.259342, 0.965785, -4.22158e-08, 0.952107, 0.929612, 0.0713604)
mesh = SubResource("ArrayMesh_27hib")
skeleton = NodePath("")
surface_material_override/0 = SubResource("StandardMaterial3D_03med")
